366
614
727
1102
1257
1368
1495
2059
2525
2529
3031
3072
3845
3861
3896
3955
4205
4440
4449
4494
4525
4882
10184
10246
10497
10656
11003
11036
11043
11081
11116
11159
11274
11404
11410
11728
11925
12041
12105
12234
12331
12681
12692
12778
13442
13660
13666
13773
13958
14154
14166
14272
14370
14712
15165
17242
17775
17841
17978
18214
18337
18813
18840
18845
18884
19195
19521
19696
19730
19984
20020
20389
21043
21067
21140
21173
21363
21563
21570
21606
21617
22201
22780
22812
23058
23109
23163
23438
23621
24171
25144
25189
25197
25335
25412
25643
25669
25751
26326
26587
26666
26993
27236
27824
27843
27848
28072
28099
28355
28571
28681
28944
29027
29031
29571
30035
30230
30240
30453
30463
