366
516
1102
1495
2339
2525
2529
3845
3861
3896
4205
4233
4347
4440
4494
10132
10184
10246
10460
10497
10656
10834
11036
11404
11410
11539
11540
11728
11925
12234
12681
12778
12833
13442
13660
14166
14272
14370
15165
15570
17242
17775
17841
17978
18214
18813
18845
19195
19242
19696
19730
19770
20020
20389
21019
21140
21570
21606
21617
22038
22201
22780
23008
23058
23438
23621
24749
24806
25182
25189
25197
25261
25335
25412
25669
25751
26023
26326
26587
27824
27843
28072
28571
28681
28722
28792
29027
29031
29806
29814
29868
30230
30453
30463
